110000000000000000000000
110000000000000000000000
110000000000000000000000
110000000000000000000000
110000000000000000000000
110000000000000000000000
110000000000000000000000
110000000000000000000000
110000000000000000000000
110000000000000000000000
110000000000000000000000
110000000000000000000000
110000000000000000000000
110000000000000000000000
110000000000000000000000
110000000000000000000000
000000000000000000000000
000000000000000000000000
000000000000000000000000
000000000000000000000000
000000000000000000000000
000000000000000000000000
000000000000000000000000
000000000000000000000000
000000000000000000000000
000000000000000000000000
000000000000000000000000
000000000000000000000000
000000000000000000000000
000000000000000000000000
000000000000000000000000
000000000000000000000000
110000000000000000000000
000000000000000000000000
010000000000000000000000
000000000000000000000000
110000000000000000000000
000000000000000000000000
010000000000000000000000
000000000000000000000000
110000000000000000000000
000000000000000000000000
010000000000000000000000
000000000000000000000000
110000000000000000000000
000000000000000000000000
010000000000000000000000
000000000000000000000000
000000000000000000000000
000000000000000000000000
000000000000000000000000
000000000000000000000000
000000000000000000000000
000000000000000000000000
000000000000000000000000
000000000000000000000000
000000000000000000000000
000000000000000000000000
000000000000000000000000
000000000000000000000000
000000000000000000000000
000000000000000000000000
000000000000000000000000
000000000000000000000000
010000000000000000000000
000000000000000000000000
000000000000000000000000
000000000000000000000000
000000000000000000000000
000000000000000000000000
000000000000000000000000
000000000000000000000000
000000000000000000000000
000000000000000000000000
000000000000000000000000
000000000000000000000000
000000000000000000000000
000000000000000000000000
000000000000000000000000
000000000000000000000000
000000000000000000000000
000000000000000000000000
000000000000000000000000
000000000000000000000000
000000000000000000000000
000000000000000000000000
000000000000000000000000
000000000000000000000000
000000000000000000000000
000000000000000000000000
000000000000000000000000
000000000000000000000000
000000000000000000000000
000000000000000000000000
000000000000000000000000
000000000000000000000000
110000000000000000000000
110000000000000000000000
010000000000000000000000
010000000000000000000000
110000000000000000000000
110000000000000000000000
010000000000000000000000
010000000000000000000000
110000000000000000000000
110000000000000000000000
010000000000000000000000
010000000000000000000000
110000000000000000000000
110000000000000000000000
010000000000000000000000
010000000000000000000000
000000000000000000000000
000000000000000000000000
000000000000000000000000
000000000000000000000000
000000000000000000000000
000000000000000000000000
000000000000000000000000
000000000000000000000000
000000000000000000000000
000000000000000000000000
000000000000000000000000
000000000000000000000000
000000000000000000000000
000000000000000000000000
000000000000000000000000
000000000000000000000000
001000000000000000000000
001000000000000000000000
001000000000000000000000
001000000000000000000000
001000000000000000000000
001000000000000000000000
001000000000000000000000
001000000000000000000000
001000000000000000000000
111000000000000000000000
111000000000000000000000
111000000000000000000000
111000000000000000000000
111000000000000000000000
111000000000000000000000
111000000000000000000000
000000000000000000000000
000000000000000000000000
000000000000000000000000
000000000000000000000000
000000000000000000000000
000000000000000000000000
000000000000000000000000
000000000000000000000000
000000000000000000000000
000000000000000000000000
000000000000000000000000
000000000000000000000000
000000000000000000000000
000000000000000000000000
000000000000000000000000
000000000000000000000000
000000000000000000000000
000000000000000000000000
000000000000000000000000
000000000000000000000000
000000000000000000000000
000000000000000000000000
000000000000000000000000
000000000000000000000000
001100000000000000000000
000000000000000000000000
000000000000000000000000
000000000000000000000000
000000000000000000000000
000000000000000000000000
000000000000000000000000
000000000000000000000000
000000000000000000000000
000000000000000000000000
000000000000000000000000
000000000000000000000000
000000000000000000000000
000000000000000000000000
000000000000000000000000
000000000000000000000000
000000000000000000000000
000000000000000000000000
000000000000000000000000
000000000000000000000000
000000000000000000000000
000000000000000000000000
000000000000000000000000
000000000000000000000000
000001111010110000011010
001101000101111001111111
000100010110011101110110
111100000001111000111111
001010010110100011010100
110010101011111111110101
000010100101110010100110
110111111011000101010000
001001100111001000110100
110101111110000101000101
001011110100010000110110
110000101111001000110000
000010110000110100011000
111101010000101110101111
001011000100001110101010
001101101111100110111101
000000000000000000000000
000000000000000000000000
000000000000000000000000
000000000000000000000000
000000000000000000000000
000000000000000000000000
000000000000000000000000
000000000000000000000000
000000000000000000000000
000000000000000000000000
000000000000000000000000
000000000000000000000000
000000000000000000000000
000000000000000000000000
000000000000000000000000
000000000000000000000000
000000010011100101010010
001000111110000110101000
111101110110010000100001
111011110111011100000000
001110101000101101110110
001110011111010000100110
110101110100000001011110
110010110110111100100011
110010001001110011001110
001110100111010100111111
111111110011011011100011
000000000111101001100100
110011011010011001001001
111000110010101110001100
110001100110000000000010
110110111110001111111101
000000000000000000000000
000000000000000000000000
000000000000000000000000
000000000000000000000000
000000000000000000000000
000000000000000000000000
000000000000000000000000
000000000000000000000000
000000000000000000000000
000000000000000000000000
000000000000000000000000
000000000000000000000000
000000000000000000000000
000000000000000000000000
000000000000000000000000
000000000000000000000000
111111100100000011101000
111000000101111110011100
110010001011010000100110
110110100011000111001001
110110001110101011101011
110001001010000000111000
001000010001010001101111
111110110110011101110000
111110110000010000101000
000010000100100000001101
000100110101110100100000
001101101010010111101000
111100110011001011001111
000111010110000101000110
110010101001100011011110
000011111111011011000001
000000000000000000000000
000000000000000000000000
000000000000000000000000
000000000000000000000000
000000000000000000000000
000000000000000000000000
000000000000000000000000
000000000000000000000000
000000000000000000000000
000000000000000000000000
000000000000000000000000
000000000000000000000000
000000000000000000000000
000000000000000000000000
000000000000000000000000
000000000000000000000000
000110110001101010001001
110010101110000111101010
001100010011101100000110
000101000100001001101001
111010011111010111001011
111011011111100010001001
110110001100111101001010
001111111000001101100011
001101000100010010010000
000100010001100111001010
110011100010000100011010
110100000000100011111111
110000111100100011110101
001000100011110101010000
110100000111110010011101
000100101011110011011111
000000000000000000000000
000000000000000000000000
000000000000000000000000
000000000000000000000000
000000000000000000000000
000000000000000000000000
000000000000000000000000
000000000000000000000000
000000000000000000000000
000000000000000000000000
000000000000000000000000
000000000000000000000000
000000000000000000000000
000000000000000000000000
000000000000000000000000
000000000000000000000000
