110000000000000000000000
000000000000000000000000
000000000000000000000000
000000000000000000000000
000000000000000000000000
000000000000000000000000
000000000000000000000000
000000000000000000000000
000000000000000000000000
000000000000000000000000
000000000000000000000000
000000000000000000000000
000000000000000000000000
000000000000000000000000
000000000000000000000000
000000000000000000000000
000000000000000000000000
000000000000000000000000
000000000000000000000000
000000000000000000000000
000000000000000000000000
000000000000000000000000
000000000000000000000000
000000000000000000000000
000000000000000000000000
000000000000000000000000
000000000000000000000000
000000000000000000000000
000000000000000000000000
000000000000000000000000
000000000000000000000000
000000000000000000000000
000000000000000000000000
000000000000000000000000
000000000000000000000000
000000000000000000000000
111000000000000000000000
000000000000000000000000
000000000000000000000000
000000000000000000000000
000000000000000000000000
000000000000000000000000
000000000000000000000000
000000000000000000000000
111000000000000000000000
000000000000000000000000
000000000000000000000000
000000000000000000000000
000000000000000000000000
000000000000000000000000
000000000000000000000000
000000000000000000000000
000000000000000000000000
000000000000000000000000
000000000000000000000000
000000000000000000000000
000000000000000000000000
000000000000000000000000
000000000000000000000000
000000000000000000000000
000000000000000000000000
000000000000000000000000
000000000000000000000000
000000000000000000000000
000001000000000000000000
000001000000000000000000
000001000000000000000000
000001000000000000000000
000001000000000000000000
000001000000000000000000
000001000000000000000000
000001000000000000000000
000001000000000000000000
000001000000000000000000
000001000000000000000000
000001000000000000000000
000001000000000000000000
000001000000000000000000
000001000000000000000000
000001000000000000000000
000000000000000000000000
000000000000000000000000
000000000000000000000000
000000000000000000000000
000000000000000000000000
000000000000000000000000
000000000000000000000000
000000000000000000000000
000000000000000000000000
000000000000000000000000
000000000000000000000000
000000000000000000000000
000000000000000000000000
000000000000000000000000
000000000000000000000000
000000000000000000000000
000000000000000000000000
000000000000000000000000
000000000000000000000000
000000000000000000000000
111000000000000000000000
000000000000000000000000
000000000000000000000000
000000000000000000000000
000000000000000000000000
000000000000000000000000
000000000000000000000000
000000000000000000000000
111000000000000000000000
000000000000000000000000
000000000000000000000000
000000000000000000000000
000000000000000000000000
000000000000000000000000
000000000000000000000000
000000000000000000000000
001000000000000000000000
000000000000000000000000
000000000000000000000000
000000000000000000000000
000000000000000000000000
000000000000000000000000
000000000000000000000000
000000000000000000000000
111000000000000000000000
000000000000000000000000
000000000000000000000000
000000000000000000000000
000001000000000000000000
000000000000000000000000
000001000000000000000000
000000000000000000000000
000001000000000000000000
000000000000000000000000
000001000000000000000000
000000000000000000000000
000001000000000000000000
000000000000000000000000
000001000000000000000000
000000000000000000000000
000001000000000000000000
000000000000000000000000
000001000000000000000000
000000000000000000000000
000000000000000000000000
111010111110010000000001
000000000000000000000000
111110100000001101111010
000000000000000000000000
111111010101001111001001
000000000000000000000000
111111110011010001010000
000000000000000000000000
000000001100101110110000
000000000000000000000000
000000101010110000110111
000000000000000000000000
000001011111110010000110
000000000000000000000000
000101000001101111111111
000000110000000000000000
111111010000000000000000
000000110000000000000000
111111010000000000000000
000000110000000000000000
111111010000000000000000
000000110000000000000000
111111010000000000000000
000000110000000000000000
111111010000000000000000
000000110000000000000000
111111010000000000000000
000000110000000000000000
111111010000000000000000
000000110000000000000000
111111010000000000000000
000000000000000000000000
000000000000000000000000
000000000000000000000000
000000000000000000000000
000000000000000000000000
000000000000000000000000
000000000000000000000000
000000000000000000000000
000000000000000000000000
000000000000000000000000
000000000000000000000000
000000000000000000000000
000000000000000000000000
000000000000000000000000
000000000000000000000000
000000000000000000000000
000001101111101001110010
000010101011101001001011
000001110110001001100100
111111010010010110110000
111111101011010010000100
111111101010011000100011
111101111101001010101001
111100011100100001011101
000101000100000110010100
111100011100100001011101
111101111101001010101001
111111101010011000100010
111111101011010010000100
111111010010010110101111
000001110110001001100100
000010101011101001001011
000000000000000000000000
000000001010000101001001
000000000110010100110101
000001000111101111001101
111111111101101100000010
111110110000110110000001
000000011010011010100000
111111101100100111101100
000000000000000000000000
000000010011011000010100
111111100101100101100000
000001001111001001111111
000000000010010011111111
111110111000010000110011
111111111001101011001100
111111110101111010110111
111101111000111111100110
111111111001110001010100
111110111100011010000110
000010100111101000010110
000000111101110011001000
111111101100100001011110
111111000110111000000110
000001010100100001011001
111101010011100010000011
000001010100100001011001
111111000110111000000110
111111101100100001011110
000000111101110011001000
000010100111101000010110
111110111100011010000110
111111111001110001010100
000000000000000000000000
111101011011001011100110
111101000101100011101100
000010100101010000010110
111100011011110011011111
111111011000010001001010
111111110111100001000001
000001000001110001100101
000000000000000000000000
111110111110001110011011
000000001000011111000000
000000100111101110110110
000011100100001100100001
111101011010101111101010
000010111010011100010100
000010100100110100011010
111101110100000000000111
111101111110000000000101
000000101101111110111111
000001110001001100100011
111111111101101001000100
000001111001001010110100
000000101100010100101100
111110100100100101010101
111110100110010000100101
111110100100100101010101
000000101100010100101100
000001111001001010110011
111111111101101001000100
000001110001001100100010
000000101101111110111111
111101111110000000000101
000000000000000000000000
000011010000011110011001
000000000111000010010111
111111001111111000010001
000001010001100011001100
000000010101001010010001
111111100111110100010110
000010101100101000100001
000000000000000000000000
111101010011010111011111
000000011000001011101010
111111101010110101101110
111110101110011100110101
000000110000000111110000
111111111000111101101001
111100101111100001100111
111111001000100000110001
111111101010111001010111
000011001010011100101000
111100001011010100011010
000001010100011101011101
000001000001111110010010
000001111000110011100011
000001100011001001111101
111110000011000010001011
000001100011001001111101
000001111000110011100011
000001000001111110010001
000001010100011101011101
111100001011010100011001
000011001010011100101000
111111101010111001010111
000000000000000000000000
111110001000110111000010
000000011100100111100010
111111110111110100111011
000001001010010110100010
000001000011011001011011
000011001000101111101001
000001101101001000011000
000000000000000000000000
111110010010110111101000
111100110111010000010111
111110111100100110100101
111110110101101001011111
000000001000001011000110
111111100011011000011110
000001110111001000111110
